0.106345 0.1552 0.055
0.123635 0.1552 0.0609
0.11726 0.1552 0.0704
0.124815 0.1566 0.075
0.128985 0.1648 0.0739
0.127505 0.1648 0.0654
0.121925 0.1648 0.0588
0.117825 0.1648 0.0678
0.129455 0.1648 0.0902
0.1252 0.1648 0.0643
0.127065 0.1648 0.0512
0.121025 0.1648 0.0656
0.12098 0.1648 0.0637
0.12453 0.1648 0.0681
0.12241 0.1648 0.0673
0.117205 0.1648 0.0617
0.12366 0.1648 0.0731
0.12449 0.1648 0.0635
0.11845 0.1648 0.05
0.129695 0.1648 0.0792
0.124925 0.1648 0.0806
0.131665 0.1648 0.0715
0.122895 0.1648 0.0608
0.125265 0.1648 0.0724
0.117935 0.1648 0.0631
0.13437 0.1674 0.0903
0.13066 0.1674 0.0703
0.1305 0.1674 0.0756
0.12742 0.1674 0.072
0.126325 0.1674 0.0737
0.129335 0.1674 0.0743
0.128325 0.1674 0.0685
